ID:193266
node_type:input
upperTriggerThreshold:100000000
lowerTriggerThreshold:-100000000
Connected Nodes:{
	ID:193615|	Weight:-0.12673175,
	ID:193981|	Weight:0.14485085
}
